128
0 0 28 -0.635364 1
1 0 29 0.814678 1
2 0 30 0.666967 1
3 0 31 -0.773705 1
4 1 28 0.611751 1
5 1 29 -0.919567 1
6 1 30 -0.181098 1
7 1 31 0.661208 1
8 2 28 0.913107 1
9 2 29 -0.108072 1
10 2 30 -0.736243 1
11 2 31 0.663959 1
12 3 28 -0.625343 1
13 3 29 -0.247776 1
14 3 30 -0.569191 1
15 3 31 -0.657991 1
16 4 28 -0.722964 1
17 4 29 -0.234142 1
18 4 30 0.446417 1
19 4 31 0.917789 1
20 5 28 -0.678584 1
21 5 29 0.937676 1
22 5 30 -0.298965 1
23 5 31 0.276636 1
24 6 28 -0.984698 1
25 6 29 -0.0837044 1
26 6 30 0.356038 1
27 6 31 -0.594413 1
28 7 28 0.914171 1
29 7 29 0.426381 1
30 7 30 -0.618907 1
31 7 31 -0.458118 1
32 8 28 -0.277106 1
33 8 29 -0.0621938 1
34 8 30 -0.576869 1
35 8 31 -0.0874949 1
36 9 28 0.0903945 1
37 9 29 -0.73866 1
38 9 30 0.637943 1
39 9 31 0.668056 1
40 10 28 -0.344213 1
41 10 29 0.305132 1
42 10 30 0.180499 1
43 10 31 -0.958274 1
44 11 28 -0.633004 1
45 11 29 -0.873742 1
46 11 30 0.887367 1
47 11 31 -0.0392816 1
48 12 28 -0.0953372 1
49 12 29 -0.373422 1
50 12 30 -0.63512 1
51 12 31 0.654121 1
52 13 28 0.573799 1
53 13 29 -0.316309 1
54 13 30 -0.0478388 1
55 13 31 0.94497 1
56 14 28 0.191569 1
57 14 29 -0.892188 1
58 14 30 -0.324627 1
59 14 31 0.949156 1
60 15 28 0.0418609 1
61 15 29 0.826616 1
62 15 30 -0.849357 1
63 15 31 0.79661 1
64 16 28 -0.25461 1
65 16 29 -0.516897 1
66 16 30 -0.911684 1
67 16 31 -0.97248 1
68 17 28 0.504658 1
69 17 29 -0.399221 1
70 17 30 0.0306946 1
71 17 31 0.55264 1
72 18 28 0.271456 1
73 18 29 -0.340592 1
74 18 30 0.742277 1
75 18 31 0.631144 1
76 19 28 0.597956 1
77 19 29 -0.858774 1
78 19 30 0.13508 1
79 19 31 -0.953395 1
80 20 28 -0.938254 1
81 20 29 0.604975 1
82 20 30 0.397643 1
83 20 31 -0.314093 1
84 21 28 -0.615294 1
85 21 29 -0.022986 1
86 21 30 0.538349 1
87 21 31 0.0765386 1
88 22 28 -0.0476535 1
89 22 29 -0.964289 1
90 22 30 0.796611 1
91 22 31 0.0365486 1
92 23 28 0.858548 1
93 23 29 0.946272 1
94 23 30 0.653242 1
95 23 31 -0.775527 1
96 24 28 -0.439656 1
97 24 29 0.354084 1
98 24 30 0.0162345 1
99 24 31 -0.221704 1
100 25 28 0.272826 1
101 25 29 -0.375329 1
102 25 30 -0.643079 1
103 25 31 -0.559581 1
104 26 28 -0.903434 1
105 26 29 -0.349484 1
106 26 30 0.476514 1
107 26 31 0.344842 1
108 27 28 -0.803564 1
109 27 29 -0.848316 1
110 27 30 0.877242 1
111 27 31 0.196612 1
112 28 28 0.648047 1
113 28 29 -0.412183 1
114 28 30 -0.838187 1
115 28 31 0.208041 1
116 29 28 0.744589 1
117 29 29 0.211605 1
118 29 30 -0.821243 1
119 29 31 0.466367 1
120 30 28 -0.791011 1
121 30 29 0.470538 1
122 30 30 -0.875348 1
123 30 31 -0.877857 1
124 31 28 -0.452291 1
125 31 29 0.988713 1
126 31 30 -0.476607 1
127 31 31 0.929197 1
