33
28 22 29 0.597995 1
521 17 30 0.261488 1
523 43 30 1.27171 0
528 3 31 -0.482123 0
638 21 28 0.588888 1
696 20 31 0.342547 0
859 8 29 0.96699 0
2607 6 31 0.227449 0
2698 8 82 -0.581216 0
2864 1 28 0.0060686 0
2897 2 28 0.290079 0
3323 5 31 0.513841 0
3962 14 31 -1.34674 1
4571 14 30 0.342123 1
6135 25 31 0.575008 1
7297 12 43 0.49981 1
7399 2 31 -0.758358 0
7490 15 31 -0.279304 0
9554 15 28 0.829996 1
16171 2 28 -0.905382 0
18981 0 30 2.70403 1
19245 8 388 0.750049 0
19246 388 29 0.102356 0
19403 43 30 0.499351 0
23719 1 43 0.459734 1
30039 2 29 -0.653484 0
31311 13 29 -0.895158 1
40553 17 82 -0.251863 0
43036 82 28 -0.309018 1
48593 14 43 0.986311 1
51715 13 30 0.813003 1
52273 27 43 -0.948249 1
52336 13 30 -0.179663 1
