27
167 24 28 -0.736528 1
9908 20 30 0.0445039 1
18409 21 28 0.741451 1
32754 22 30 -0.886781 1
58364 12 29 -0.250476 1
68640 6 29 -1.0674 1
110771 5 29 -0.234915 1
204628 23 30 -0.814327 1
270298 12 30 0.840804 1
279816 10 28 -0.00514322 1
294734 4 29 0.940108 1
496043 9 30 -1.04445 1
617843 11 29 -0.354244 1
1069785 15 31 -0.605366 1
1225639 13 84534 -0.107295 1
1228498 16 102389 0.210862 1
1236051 84534 31 0.118404 1
1239518 11 103307 1.00808 0
1257416 2 104784 1.06363 1
1259230 90407 28 0.132885 1
1261804 103307 29 -0.0581006 1
1264406 26 102389 -0.220279 1
1264407 25 103307 -0.875365 1
1265946 9 90407 -0.235774 1
1265947 13 84534 -0.00938823 1
1265948 11 105524 1 1
1265949 105524 103307 1.00808 1
