25
167 24 28 -0.736458 1
9908 20 30 0.0250934 1
18409 21 28 0.741451 1
58364 12 29 -0.397729 1
68640 6 29 -0.0935426 1
204628 23 30 -0.679772 1
270298 12 30 0.692384 1
279816 10 28 -0.00516915 1
617843 11 29 0.38101 1
5870359 3 29 -0.208316 1
7971001 4 29 0.647559 1
10458117 9 30 -0.772233 1
10656625 888814 870257 0.193975 1
10747049 880209 31 -0.380305 1
10790533 899922 31 -0.0911435 1
10825364 24 899922 0.306243 1
10825366 896173 902753 1.01918 1
10825367 902753 902482 1.08702 1
10841393 880209 31 0.594277 1
10841395 904070 870257 -0.307058 1
10845015 7 896173 -0.980218 1
10851278 21 899922 -0.474443 1
10851279 6 902482 -0.14489 1
10853938 3 870257 -0.0504249 1
10853939 11 896173 0.683739 1
