64
85 14 28 0.225527 1
149 12 28 -0.265577 0
290 12 115 0.847214 1
291 115 28 -0.662348 0
589 14 29 -0.637445 0
907 24 26 -0.376247 1
908 12 332 0.34109 0
909 332 115 0.325315 0
1083 6 30 0.530325 1
1148 12 407 -0.856712 1
1149 407 28 -0.889931 0
1351 0 30 -0.904745 1
1457 12 512 0.48053 0
1458 512 28 0.728026 0
1876 2 28 0.903051 0
2008 3 27 -0.759527 0
2064 10 332 0.435214 0
2331 10 30 0.735924 1
2416 3 846 -0.695081 1
2417 846 27 0.832681 0
2602 18 26 0.442454 1
2792 12 967 -0.162297 1
2793 967 28 0.884492 0
3431 12 1181 0.985117 0
3432 1181 967 -0.570849 1
3642 2 28 -0.464352 0
3643 967 1253 -0.21685 1
3644 1253 28 0.83691 0
4124 12 1410 0.0745462 1
4125 1410 1181 0.22514 0
4260 115 1462 -0.639101 1
4261 1462 28 0.0587935 0
4366 407 332 -0.126071 0
4444 26 512 0.829424 1
4508 1 115 -0.171612 1
4855 4 29 -0.643362 1
4894 1253 1674 -0.215593 0
4895 1674 28 -0.393368 1
4999 1 846 0.320282 0
5129 846 332 -0.519495 1
5263 14 1798 -0.914735 0
5264 1798 29 -0.0564299 0
5319 12 1818 0.676217 1
5320 1818 332 -0.285586 1
5456 17 332 0.629904 0
5522 6 846 -0.560564 0
5565 0 29 0.640887 1
5566 332 1898 -0.171955 1
5567 1898 115 0.00659434 0
5721 967 1253 -0.96462 1
5996 846 2040 -0.681512 1
5997 2040 27 0.0701062 0
6052 2 2058 0.887839 1
6053 2058 28 -0.938572 1
6743 2 1798 0.563352 1
6744 407 2294 0.368734 1
6745 2294 332 -0.949218 1
6772 2 1410 -0.0240022 1
6818 2 2317 -0.345406 1
6819 2317 28 0.0189123 1
7077 1898 2404 0.917535 1
7078 2404 115 0.989493 1
7255 14 2455 1 1
7256 2455 1798 -0.914735 1
